696.225538
686.656392
688.393056
676.627667
677.634857
668.000749
663.701740
664.560757
656.843969
645.756146
647.457335
644.585138
643.736747
636.657679
631.307374
631.307374
627.663126
618.768131
620.154819
614.342738
614.612886
613.514466
610.470310
610.206522
605.829184
603.615772
601.973421
600.088327
597.636177
594.955461
597.978260
596.120793
597.978260
598.559103
598.559103
598.214009
597.978260
597.978260
600.767842
600.767842
602.162769
601.931890
600.536427
603.327440
601.931890
80.523138
79.245606
79.559719
77.090322
76.671907
75.351542
72.732330
70.744606
70.203474
68.714576
69.849484
71.647581
71.625072
71.219575
71.530588
72.060548
72.152111
68.872806
73.742620
75.991633
76.353742
75.606787
81.956701
85.192244
88.335692
91.745223
92.731313
91.233791
90.240951
93.505991
92.807871
100.645127
100.865783
102.129924
104.969954
111.237965
112.323112
115.195272
119.338554
118.667252
119.503921
120.734689
122.194013
122.104052
124.007184
124.759523
126.751743
126.170338
126.258709
130.976979
129.917828
131.756775
132.088388
132.937899
133.001955
129.854868
130.750060
128.689379
127.431082
125.780470
123.107152
119.854885
116.019721
112.664062
111.451517
108.712658
105.909153
101.733546
97.369302
98.002668
93.932736
90.944819
89.211346
86.776183
85.985056
85.785726
81.850589
78.717152
75.407258
70.893319
67.383634
60.597395
55.737777
53.007160
48.828016
45.495937
43.642322
42.096349
39.777487
39.999831
38.035734
36.974452
37.590372
37.680942
33.617836
35.370819
33.889886
428.075583
35.322680
37.302065
37.302414
37.460067
39.184166
41.091063
40.358731
42.797969
42.699033
43.810177
46.641937
47.214559
46.841254
46.526960
46.693482
50.864599
47.748945
48.086620
47.664211
44.933988
42.455008
42.063684
41.974032
38.676940
42.282513
39.602862
37.288163
35.566576
33.253673
33.880644
35.633006
34.355167
33.458419
34.503569
32.765479
31.813151
32.873279
32.639837
33.203615
32.860834
36.448220
37.783968
